period,phase_velocity_rayleigh,phase_velocity_love,group_velocity_rayleigh,group_velocity_love
1.0,1.534305371093746,3.4868029296874545,1.534305371093746,3.4868029296874545
1.0476157527896648,1.5380102050781208,3.4893102539062046,1.5380102050781208,3.4893102539062046
1.0974987654930561,1.5421203124999958,3.4920519531249545,1.5421203124999958,3.4920519531249545
1.1497569953977358,1.5466796386718706,3.495042675781204,1.5466796386718706,3.495042675781204
1.2045035402587823,1.5517418945312456,3.4983019531249537,1.5517418945312456,3.4983019531249537
1.2618568830660204,1.5573681152343706,3.501863964843704,1.5573681152343706,3.501863964843704
1.321941148466029,1.5636242187499956,3.505743359374954,1.5636242187499956,3.505743359374954
1.384886371393873,1.5705932128906201,3.5099743164062045,1.5705932128906201,3.5099743164062045
1.4508287784959397,1.5783605468749948,3.5145861328124544,1.5783605468749948,3.5145861328124544
1.5199110829529336,1.5870312011718697,3.5196129882812044,1.5870312011718697,3.5196129882812044
1.5922827933410924,1.5967248046874947,3.5250841796874544,1.5967248046874947,3.5250841796874544
1.6681005372000588,1.6075829589843693,3.531038769531204,1.6075829589843693,3.531038769531204
1.7475284000076838,1.619769238281244,3.537515820312454,1.619769238281244,3.537515820312454
1.8307382802953682,1.6334765136718687,3.5445592773437045,1.6334765136718687,3.5445592773437045
1.9179102616724888,1.6489342773437434,3.552208203124954,1.6489342773437434,3.552208203124954
2.0092330025650473,1.666418408203118,3.5605163085937037,1.666418408203118,3.5605163085937037
2.1049041445120205,1.6862560546874923,3.569527539062453,1.6862560546874923,3.569527539062453
2.205130739903046,1.708852490234367,3.579285839843702,1.708852490234367,3.579285839843702
2.3101297000831598,1.7347033203124913,3.589844921874952,1.7347033203124913,3.589844921874952
2.420128264794382,1.7644237792968658,3.601253613281202,1.7644237792968658,3.601253613281202
2.535364493970112,1.7987926757812398,3.613560742187452,1.7987926757812398,3.613560742187452
2.6560877829466865,1.838793896484364,3.626805371093702,1.838793896484364,3.626805371093702
2.782559402207125,1.885706738281238,3.641031445312452,1.885706738281238,3.641031445312452
2.915053062825177,1.941208447265612,3.656268261718702,1.941208447265612,3.656268261718702
3.0538555088334154,2.007513378906236,3.672540234374952,2.007513378906236,3.672540234374952
3.1992671377973836,2.0875731933593595,3.6898571289062017,2.0875731933593595,3.6898571289062017
3.3516026509388426,2.185245312499983,3.7082287109374517,2.185245312499983,3.7082287109374517
3.511191734215132,2.305197705078105,3.7276452148437014,2.305197705078105,3.7276452148437014
3.6783797718286344,2.4513720214843517,3.7480871093749513,2.4513720214843517,3.7480871093749513
3.8535285937105295,2.6205639160155987,3.769539746093701,2.6205639160155987,3.769539746093701
4.0370172585965545,2.7885741699218447,3.7919933593749504,2.7885741699218447,3.7919933593749504
4.229242874389499,2.9175463378905913,3.8154479492187,2.9175463378905913,3.8154479492187
4.430621457583881,2.99970209960934,3.83991328124995,2.99970209960934,3.83991328124995
4.641588833612779,3.051594189453089,3.8654284179686997,3.051594189453089,3.8654284179686997
4.862601580065355,3.087099560546838,3.892071484374949,3.087099560546838,3.892071484374949
5.09413801481638,3.1137084472655876,3.919915722656198,3.1137084472655876,3.919915722656198
5.3366992312063095,3.135341748046837,3.9490832031249474,3.135341748046837,3.9490832031249474
5.590810182512224,3.154186962890586,3.979681347656197,3.154186962890586,3.979681347656197
5.857020818056667,3.171596630859335,4.011827343749948,3.171596630859335,4.011827343749948
6.135907273413174,3.188493603515585,4.045613964843698,3.188493603515585,4.045613964843698
6.428073117284322,3.2055956542968347,4.081109570312448,3.2055956542968347,4.081109570312448
6.734150657750823,3.2235131347655837,4.118304394531197,3.2235131347655837,4.118304394531197
7.054802310718643,3.2428515136718334,4.157125195312448,3.2428515136718334,4.157125195312448
7.390722033525779,3.264255322265583,4.197352246093697,3.264255322265583,4.197352246093697
7.742636826811272,3.2884716308593327,4.238633984374946,3.2884716308593327,4.238633984374946
8.111308307896872,3.3164428222655817,4.280394238281195,3.3164428222655817,4.280394238281195
8.497534359086444,3.349384716796831,4.3218517578124445,3.349384716796831,4.3218517578124445
8.902150854450388,3.38897211914058,4.361956738281194,3.38897211914058,4.361956738281194
9.326033468832199,3.437602490234329,4.399444531249943,3.437602490234329,4.399444531249943
9.770099572992255,3.498767041015578,4.432904003906193,3.498767041015578,4.432904003906193
10.235310218990262,3.577636669921826,4.460953320312443,3.577636669921826,4.460953320312443
10.722672220103236,3.6816576660155733,4.482640332031193,3.6816576660155733,4.482640332031193
11.233240329780276,3.81972163085932,4.498101757812442,3.81972163085932,4.498101757812442
11.768119524349984,3.9938744628905662,4.508758496093692,3.9938744628905662,4.508758496093692
12.328467394420665,4.173832958984313,4.516407421874941,4.173832958984313,4.516407421874941
12.91549665014884,4.303610791015561,4.522405957031191,4.303610791015561,4.522405957031191
13.530477745798075,4.37885249023431,4.527540234374941,4.37885249023431,4.527540234374941
14.174741629268055,4.42496821289056,4.5322643554686906,4.42496821289056,4.5322643554686906
14.84968262254465,4.456889599609309,4.53683222656244,4.456889599609309,4.53683222656244
15.556761439304722,4.48095454101556,4.54140009765619,4.48095454101556,4.54140009765619
16.297508346206442,4.500009716796811,4.546085156249939,4.500009716796811,4.546085156249939
17.073526474706913,4.515646923828061,4.550960644531188,4.515646923828061,4.550960644531188
17.886495290574352,4.528955029296812,4.556094921874937,4.528955029296812,4.556094921874937
18.73817422860385,4.540749462890561,4.561546582031188,4.540749462890561,4.561546582031188
19.630406500402714,4.55165034179681,4.567369335937437,4.55165034179681,4.567369335937437
20.565123083486515,4.562102001953059,4.573616894531186,4.562102001953059,4.573616894531186
21.544346900318846,4.572431591796809,4.580347851562436,4.572431591796809,4.580347851562436
22.570197196339205,4.582873486328058,4.587615917968687,4.582873486328058,4.587615917968687
23.644894126454084,4.5936132324218075,4.595479687499937,4.5936132324218075,4.595479687499937
24.770763559917114,4.604802197265556,4.604012402343686,4.604802197265556,4.604012402343686
25.950242113997373,4.6165575683593065,4.613282421874937,4.6165575683593065,4.613282421874937
27.185882427329414,4.628996533203056,4.623362988281187,4.628996533203056,4.623362988281187
28.48035868435802,4.6422313964843065,4.634332226562436,4.6422313964843065,4.634332226562436
29.836472402833405,4.656359814453056,4.646287792968687,4.656359814453056,4.646287792968687
31.25715849688237,4.671494091796806,4.659307812499936,4.671494091796806,4.659307812499936
32.7454916287773,4.687746533203056,4.673499707031185,4.687746533203056,4.673499707031185
34.30469286314919,4.705229443359306,4.688951367187435,4.705229443359306,4.688951367187435
35.938136638046274,4.724064892578056,4.7057750976561845,4.724064892578056,4.7057750976561845
37.649358067924695,4.744379833984306,4.724063671874934,4.744379833984306,4.724063671874934
39.442060594376564,4.766296337890555,4.743924511718683,4.766296337890555,4.743924511718683
41.32012400115339,4.789931591796805,4.765450390624933,4.789931591796805,4.765450390624933
43.287612810830595,4.815402783203055,4.788738964843683,4.815402783203055,4.788738964843683
45.34878508128585,4.842807568359305,4.813878124999933,4.842807568359305,4.813878124999933
47.50810162102798,4.872214306640555,4.8409411132811835,4.872214306640555,4.8409411132811835
49.770235643321115,4.903674267578054,4.870001171874932,4.903674267578054,4.870001171874932
52.140082879996875,4.937185009765552,4.901119335937431,4.937185009765552,4.901119335937431
54.62277217684343,4.972727001953051,4.934337109374931,4.972727001953051,4.934337109374931
57.2236765935022,5.01025141601555,4.969713085937429,5.01025141601555,4.969713085937429
59.94842503189412,5.049660595703049,5.007247265624928,5.049660595703049,5.007247265624928
62.80291441834256,5.090915478515548,5.046988476562427,5.090915478515548,5.046988476562427
65.79332246575683,5.133967236328046,5.088946484374927,5.133967236328046,5.088946484374927
68.92612104349699,5.1788158691405455,5.133150585937426,5.1788158691405455,5.133150585937426
72.20809018385468,5.225519970703044,5.179639843749926,5.225519970703044,5.179639843749926
75.64633275546291,5.274196728515544,5.228482617187425,5.274196728515544,5.228482617187425
79.24828983539177,5.324963330078043,5.279747265624924,5.324963330078043,5.279747265624924
83.02175681319748,5.377956494140542,5.333531445312423,5.377956494140542,5.333531445312423
86.97490026177834,5.43326411132804,5.389942578124923,5.43326411132804,5.389942578124923
91.11627561154896,5.490886181640539,5.4490978515624215,5.490886181640539,5.4490978515624215
95.45484566618342,5.5507250488280375,5.511085156249921,5.5507250488280375,5.511085156249921
100.0,5.612487744140536,5.575972851562419,5.612487744140536,5.575972851562419
