LAYER   0.0  6.1 0.0    3.49  0.0  2.7 0.0
LAYER  11.0  6.4 0.0    3.66  0.0  2.7 0.0
LAYER  24.0  6.9 0.0    3.94  0.0  2.7 0.0
LAYER  31.0  8.0 0.0    4.57  0.0  2.7 0.0
LAYER    45.63   8.0412  0.000118   4.4737  0.000353
LAYER    56.25   8.0425  0.000118   4.4775  0.000353
LAYER    66.88   8.0437  0.000118   4.4813  0.000353
LAYER    77.50   8.0450  0.000118   4.4850  0.000353
LAYER    88.13   8.0463  0.000118   4.4887  0.000353
LAYER    98.75   8.0475  0.000118   4.4925  0.000353
LAYER   109.38   8.0488  0.000120   4.4962  0.000353
LAYER   120.00   8.0500  0.002775   4.5000  0.000200
LAYER   130.00   8.0778  0.002778   4.5020  0.000200
LAYER   140.00   8.1056  0.002778   4.5040  0.000200
LAYER   150.00   8.1333  0.002778   4.5060  0.000200
LAYER   160.00   8.1611  0.002777   4.5080  0.000200
LAYER   170.00   8.1889  0.002778   4.5100  0.000200
LAYER   180.00   8.2167  0.002778   4.5120  0.000200
LAYER   190.00   8.2445  0.002778   4.5140  0.000200
LAYER   200.00   8.2722  0.002780   4.5160  0.000602
LAYER   210.00   8.3000  0.003647   4.5220  0.001738
LAYER   220.00   8.3365  0.003650   4.5394  0.001740
LAYER   230.00   8.3730  0.003650   4.5568  0.001740
LAYER   240.00   8.4095  0.003650   4.5742  0.001740
LAYER   250.00   8.4460  0.003650   4.5916  0.001740
LAYER   260.00   8.4825  0.003650   4.6090  0.001740
LAYER   270.00   8.5190  0.003650   4.6264  0.001740
LAYER   280.00   8.5555  0.003650   4.6438  0.001740
LAYER   290.00   8.5920  0.003650   4.6612  0.001740
LAYER   300.00   8.6285  0.003650   4.6786  0.001740
LAYER   310.00   8.6650  0.003650   4.6960  0.001740
LAYER   320.00   8.7015  0.003650   4.7134  0.001740
LAYER   330.00   8.7380  0.003650   4.7308  0.001740
LAYER   340.00   8.7745  0.003650   4.7482  0.001740
LAYER   350.00   8.8110  0.003650   4.7656  0.001740
LAYER   360.00   8.8475  0.003650   4.7830  0.001740
LAYER   370.00   8.8840  0.003650   4.8004  0.001740
LAYER   380.00   8.9205  0.003650   4.8178  0.001740
LAYER   390.00   8.9570  0.003650   4.8352  0.001740
LAYER   400.00   8.9935  0.003646   4.8526  0.001738
LAYER   410.00   9.3600  0.003357   5.0700  0.002118
LAYER   420.00   9.3936  0.003360   5.0912  0.002120
LAYER   430.00   9.4272  0.003360   5.1124  0.002120
LAYER   440.00   9.4608  0.003360   5.1336  0.002120
LAYER   450.00   9.4944  0.003360   5.1548  0.002120
LAYER   460.00   9.5280  0.003360   5.1760  0.002120
LAYER   470.00   9.5616  0.003360   5.1972  0.002120
LAYER   480.00   9.5952  0.003360   5.2184  0.002120
LAYER   490.00   9.6288  0.003360   5.2396  0.002120
LAYER   500.00   9.6624  0.003360   5.2608  0.002120
LAYER   510.00   9.6960  0.003360   5.2820  0.002120
LAYER   520.00   9.7296  0.003360   5.3032  0.002120
LAYER   530.00   9.7632  0.003360   5.3244  0.002120
LAYER   540.00   9.7968  0.003360   5.3456  0.002120
LAYER   550.00   9.8304  0.003360   5.3668  0.002120
LAYER   560.00   9.8640  0.003360   5.3880  0.002120
LAYER   570.00   9.8976  0.003360   5.4092  0.002120